0 0.4 0.6 0 0.333333333333333 0.666666666666667 0 1 0.35 0.65 0.161290322580645 0.838709677419355 0 1 0 1 0 0 0 1 0 1 0 0 1 0 0 0 1 0
0 0.6 0.4 0.666666666666667 0.333333333333333 0 0.32 0.68 0.725 0.275 0.419354838709677 0.580645161290323 0 0 1 1 0 0 0 1 0 0 0 1 0 1 0 1 0 0
0 1 0 0 0.333333333333333 0.666666666666667 1 0 0 1 0.709677419354839 0.290322580645161 0 1 0 1 0 0 0 1 0 1 0 0 1 0 1 0 0 0
0 1 0 0 0 1 0 1 0 1 1 0 0 0 1 1 0 0 0 1 0 0 0 1 1 0 1 0 0 1
0 1 0 0 0.333333333333333 0.666666666666667 0.8 0.2 0 1 0.67741935483871 0.32258064516129 0 1 0 1 0 0 0 0 1 0 0 1 1 0 1 0 0 0
1 0 0 0.133333333333333 0.866666666666667 0 0.32 0.68 1 0 1 0 0 0 1 1 0 0 0 1 0 0 0 1 1 0 1 0 0 0
0 0 1 0 0 1 0.52 0.48 0 1 1 0 0 0 1 0 1 0 0 1 0 0 0 1 1 0 1 0 0 0
0 0.8 0.2 0 1 0 0.08 0.92 0.8 0.2 1 0 0 0 1 0 1 0 0 0 1 0 0 1 1 0 1 0 0 0
0 1 0 0 1 0 0.92 0.08 0.475 0.525 1 0 0 0 1 0 1 0 0 1 0 1 0 0 0 1 1 0 0 0
0 1 0 0 1 0 0.72 0.28 0 1 0.419354838709677 0.580645161290323 0 0 1 0 1 0 0 1 0 0 0 1 1 0 0 1 0 1
0 1 0 0 1 0 1 0 0 1 1 0 0 0 1 0 1 0 0 1 0 1 0 0 1 0 0 0 1 0
0 1 0 0 1 0 0.36 0.64 0 1 0.580645161290323 0.419354838709677 0 1 0 0 1 0 0 1 0 0 0 1 1 0 0 1 0 0
0 1 0 0 1 0 1 0 0.1 0.9 0.741935483870968 0.258064516129032 0 0 1 0 1 0 0 1 0 1 0 0 1 0 1 0 0 0
0 1 0 0 1 0 0.64 0.36 0 1 0.548387096774194 0.451612903225806 0 1 0 0 1 0 0 1 0 0 0 1 1 0 0 1 0 0
0 1 0 0 1 0 0.4 0.6 0 1 1 0 0 0 1 0 1 0 0 1 0 1 0 0 1 0 1 0 0 0
0 1 0 0 1 0 0.84 0.16 0 1 0.612903225806452 0.387096774193548 0 1 0 0 1 0 0 1 0 1 0 0 1 0 1 0 0 0
0 1 0 0 1 0 0.96 0.04 0 1 0.935483870967742 0.0645161290322581 0 0 1 0 1 0 0 1 0 1 0 0 1 0 1 0 0 0
0 1 0 0 1 0 1 0 0.875 0.125 1 0 0 0 1 0 1 0 0 0 1 1 0 0 1 0 1 0 0 0
0 1 0 0 1 0 0.48 0.52 0 1 0.645161290322581 0.354838709677419 0 1 0 0 1 0 0 1 0 1 0 0 1 0 1 0 0 0
0.1 0.9 0 0 1 0 0.44 0.56 0 1 1 0 0 1 0 0 1 0 0 1 0 1 0 0 1 0 0 1 0 0
0.1 0.9 0 0 1 0 0.8 0.2 0 1 0.806451612903226 0.193548387096774 0 0 1 0 1 0 0 1 0 1 0 0 1 0 1 0 0 0
0.2 0.8 0 0 1 0 1 0 0 1 0.935483870967742 0.0645161290322581 0 0 1 0 1 0 0 1 0 0 0 1 1 0 0 1 0 0
0.4 0.6 0 1 0 0 0.72 0.28 0.9 0.1 1 0 0 1 0 0 1 0 0 1 0 1 0 0 1 0 1 0 0 0
0.5 0.5 0 0 1 0 0.8 0.2 0.15 0.85 0.806451612903226 0.193548387096774 0 1 0 0 1 0 0 1 0 0 0 1 1 0 0 1 0 0
0.5 0.5 0 0.533333333333333 0.466666666666667 0 0 1 1 0 1 0 0 1 0 0 1 0 0 1 0 1 0 0 1 0 0 1 0 0
0.5 0.5 0 0 1 0 0.6 0.4 0 1 1 0 0 0 1 0 1 0 0 1 0 0 0 1 1 0 1 0 0 0
0.6 0.4 0 0 1 0 1 0 0.525 0.475 1 0 0 0 1 0 1 0 0 1 0 0 0 1 1 0 1 0 0 0
0.6 0.4 0 0 1 0 0.56 0.44 0.5 0.5 1 0 0 0 1 0 1 0 0 1 0 1 0 0 1 0 1 0 0 0
0.8 0.2 0 0 1 0 0.16 0.84 0 1 1 0 0 0 1 0 1 0 0 1 0 1 0 0 1 0 1 0 0 0
0.9 0.1 0 0 1 0 0.52 0.48 0.9 0.1 0.548387096774194 0.451612903225806 0 1 0 0 1 0 0 1 0 0 0 1 1 0 1 0 0 0
0.9 0.1 0 0.666666666666667 0.333333333333333 0 0 1 0.125 0.875 1 0 0 0 1 0 1 0 0 1 0 1 0 0 1 0 1 0 0 0
0.9 0.1 0 0 1 0 0.16 0.84 0 1 1 0 0 1 0 0 1 0 0 1 0 1 0 0 1 0 1 0 0 0
0.9 0.1 0 0 1 0 0.92 0.08 1 0 1 0 0 0 1 0 1 0 0 1 0 1 0 0 1 0 1 0 0 0
1 0 0 0 1 0 0.36 0.64 1 0 1 0 0 0 1 0 1 0 0 1 0 1 0 0 1 0 1 0 0 0
1 0 0 0.133333333333333 0.866666666666667 0 1 0 0.75 0.25 0.774193548387097 0.225806451612903 0 1 0 0 1 0 0 1 0 1 0 0 1 0 1 0 0 0
1 0 0 0 1 0 1 0 0.9 0.1 1 0 0 0 1 0 1 0 0 1 0 0 0 1 1 0 1 0 0 0
0 0 1 0 1 0 0 1 1 0 0.645161290322581 0.354838709677419 0 1 0 0 0 1 0 1 0 0 1 0 1 0 0 1 0 0
0 0.2 0.8 0 1 0 0 1 0.725 0.275 0.516129032258065 0.483870967741935 0 1 0 0 0 1 0 1 0 0 0 1 1 0 0 1 0 0
0 0.5 0.5 0 0 1 0.52 0.48 0 1 0.741935483870968 0.258064516129032 0 1 0 0 0 1 0 1 0 1 0 0 1 0 1 0 0 0
0 0.5 0.5 0 0 1 0.64 0.36 0 1 0.741935483870968 0.258064516129032 0 1 0 0 0 1 0 1 0 0 0 1 1 0 1 0 0 0
0 0.6 0.4 0 1 0 0.88 0.12 0 1 1 0 0 0 1 0 0 1 0 1 0 1 0 0 1 0 1 0 0 1
0 0.7 0.3 0 1 0 1 0 0 1 1 0 0 1 0 0 0 1 0 1 0 0 0 1 1 0 1 0 0 0
0 0.9 0.1 0 0.333333333333333 0.666666666666667 0 1 0 1 0.67741935483871 0.32258064516129 0 0 1 0 0 1 0 0 1 1 0 0 0 1 0 1 0 0
0 1 0 0 1 0 0.6 0.4 1 0 0.0322580645161291 0.967741935483871 0 0 1 0 0 1 0 1 0 0 0 1 1 0 0 1 0 1
0 1 0 0 1 0 0 1 1 0 1 0 0 1 0 0 0 1 0 0 1 1 0 0 1 0 1 0 0 0
0 1 0 0 0.333333333333333 0.666666666666667 0.64 0.36 0.7 0.3 0.483870967741935 0.516129032258065 0 0 1 0 0 1 0 0 1 1 0 0 1 0 1 0 0 0
0 1 0 0 1 0 1 0 0 1 1 0 0 1 0 0 0 1 0 1 0 1 0 0 1 0 1 0 0 0
0 1 0 0 1 0 0.92 0.08 0.725 0.275 1 0 0 0 1 0 0 1 0 0 1 0 0 1 1 0 1 0 0 0
0 1 0 0 0.333333333333333 0.666666666666667 1 0 1 0 0.483870967741935 0.516129032258065 0 0 1 0 0 1 0 1 0 1 0 0 1 0 1 0 0 0
0 1 0 0.666666666666667 0.333333333333333 0 0.48 0.52 0.65 0.35 0.483870967741935 0.516129032258065 0 1 0 0 0 1 0 1 0 1 0 0 1 0 0 1 0 0
0 1 0 0 1 0 0.96 0.04 0 1 1 0 0 1 0 0 0 1 0 0 1 1 0 0 1 0 1 0 0 0
0 1 0 0.8 0.2 0 0.84 0.16 0 1 1 0 0 1 0 0 0 1 0 1 0 0 0 1 1 0 1 0 0 0
0 1 0 0 1 0 0.2 0.8 1 0 0.612903225806452 0.387096774193548 0 0 1 0 0 1 0 0 1 0 0 1 1 0 0 0 1 0
0 1 0 0 1 0 0.84 0.16 1 0 0.967741935483871 0.032258064516129 0 1 0 0 0 1 0 1 0 0 0 1 1 0 0 1 0 0
0 1 0 1 0 0 0 1 0.45 0.55 0.612903225806452 0.387096774193548 0 0 1 0 0 1 0 1 0 1 0 0 0 1 0 1 0 0
0 1 0 0 1 0 0.68 0.32 0 1 0.225806451612903 0.774193548387097 0 0 1 0 0 1 0 0 1 0 0 1 1 0 0 1 0 0
0 1 0 0.666666666666667 0.333333333333333 0 0 1 1 0 0.806451612903226 0.193548387096774 0 0 1 0 0 1 0 1 0 1 0 0 1 0 1 0 0 0
0 1 0 0 1 0 0 1 0 1 0.838709677419355 0.161290322580645 0 1 0 0 0 1 0 1 0 0 0 1 1 0 1 0 0 0
0 1 0 0 1 0 0.32 0.68 0 1 0.806451612903226 0.193548387096774 0 1 0 0 0 1 0 1 0 0 0 1 1 0 1 0 0 0
0 1 0 0 1 0 0.32 0.68 0.525 0.475 0.483870967741935 0.516129032258065 0 1 0 0 0 1 0 1 0 1 0 0 1 0 0 1 0 0
0 1 0 0 1 0 0.52 0.48 1 0 1 0 0 0 1 0 0 1 0 1 0 1 0 0 1 0 1 0 0 0
0.2 0.8 0 0 1 0 0 1 0 1 0.935483870967742 0.0645161290322581 0 1 0 0 0 1 0 1 0 1 0 0 1 0 1 0 0 0
0.3 0.7 0 0 1 0 0.12 0.88 0 1 1 0 0 0 1 0 0 1 0 1 0 0 0 1 1 0 1 0 0 0
0.3 0.7 0 0.8 0.2 0 0 1 0 1 1 0 0 0 1 0 0 1 0 1 0 1 0 0 1 0 1 0 0 1
0.3 0.7 0 0 1 0 1 0 0 1 1 0 0 0 1 0 0 1 0 1 0 1 0 0 1 0 1 0 0 0
0.4 0.6 0 0 0.866666666666667 0.133333333333333 0.24 0.76 1 0 0.548387096774194 0.451612903225806 0 1 0 0 0 1 0 1 0 0 0 1 0 1 0 0 1 0
0.4 0.6 0 0 0.333333333333333 0.666666666666667 0 1 0.225 0.775 0 0.838709677419355 0.161290322580645 0 1 0 0 1 0 1 0 1 0 0 1 0 0 1 0 1
0.6 0.4 0 0.8 0.2 0 0.76 0.24 1 0 0.806451612903226 0.193548387096774 0 1 0 0 0 1 0 1 0 1 0 0 1 0 0 1 0 0
0.6 0.4 0 0 1 0 0.92 0.08 0.175 0.825 0.870967741935484 0.129032258064516 0 0 1 0 0 1 0 1 0 1 0 0 0 1 1 0 0 0
0.6 0.4 0 0 1 0 0.96 0.04 0.125 0.875 1 0 0 0 1 0 0 1 0 1 0 0 0 1 1 0 1 0 0 0
0.6 0.4 0 0 1 0 0.52 0.48 0.35 0.65 1 0 0 0 1 0 0 1 0 1 0 1 0 0 1 0 1 0 0 0
0.7 0.3 0 0 1 0 0.32 0.68 0.675 0.325 0.935483870967742 0.0645161290322581 0 1 0 0 0 1 0 1 0 1 0 0 1 0 0 1 0 0
0.8 0.2 0 0 1 0 0.6 0.4 0.775 0.225 1 0 0 1 0 0 0 1 0 1 0 1 0 0 1 0 0 1 0 0
0.8 0.2 0 0 1 0 0 1 1 0 1 0 0 0 1 0 0 1 0 1 0 1 0 0 1 0 1 0 0 0
0.9 0.1 0 0 1 0 0.36 0.64 0.65 0.35 0.354838709677419 0.645161290322581 0 0 1 0 0 1 0 1 0 0 0 1 1 0 0 1 0 0
0.9 0.1 0 0.533333333333333 0.466666666666667 0 0.8 0.2 0 1 1 0 0 0 1 0 0 1 0 1 0 1 0 0 1 0 1 0 0 0
0.9 0.1 0 0.533333333333333 0.466666666666667 0 0.52 0.48 0 1 1 0 0 1 0 0 0 1 0 1 0 0 0 1 0 1 1 0 0 0
1 0 0 0 1 0 0 1 0.5 0.5 1 0 0 1 0 0 0 1 0 1 0 1 0 0 1 0 0 1 0 0
1 0 0 0 1 0 0.84 0.16 0 1 1 0 0 0 1 0 0 1 0 1 0 0 0 1 1 0 1 0 0 0
1 0 0 1 0 0 0.72 0.28 1 0 1 0 0 1 0 0 0 1 0 1 0 1 0 0 1 0 1 0 0 0
1 0 0 0 1 0 0.96 0.04 0 1 0 0.870967741935484 0.129032258064516 0 1 0 0 1 0 1 0 1 0 0 1 0 0 0 1 0
1 0 0 0 1 0 0.28 0.72 0.625 0.375 1 0 0 1 0 0 0 1 0 1 0 1 0 0 1 0 1 0 0 0
0 0 1 0.533333333333333 0.466666666666667 0 0 1 1 0 0.483870967741935 0.516129032258065 0 1 0 0 0 0 1 1 0 1 0 0 1 0 0 1 0 0
0 0.3 0.7 0 1 0 0 1 0.075 0.925 0.67741935483871 0.32258064516129 0 0 1 0 0 0 1 1 0 1 0 0 1 0 0 1 0 1
0 0.4 0.6 0 1 0 0.68 0.32 0 1 0.870967741935484 0.129032258064516 0 0 1 0 0 0 1 1 0 0 0 1 1 0 0 1 0 0
0 0.6 0.4 0 0 1 0.72 0.28 0 1 1 0 0 1 0 0 0 0 1 1 0 1 0 0 0 1 1 0 0 0
0 0.7 0.3 0 1 0 0 1 1 0 1 0 0 1 0 0 0 0 1 1 0 1 0 0 0 1 0 1 0 1
0 0.8 0.2 0 1 0 0.76 0.24 0 1 0.612903225806452 0.387096774193548 0 1 0 0 0 0 1 1 0 0 0 1 1 0 0 1 0 0
0 0.8 0.2 0 0.333333333333333 0.666666666666667 0.64 0.36 0 1 0.548387096774194 0.451612903225806 0 1 0 0 0 0 1 1 0 1 0 0 0 1 0 1 0 1
0 0.8 0.2 0 1 0 1 0 0.775 0.225 1 0 0 1 0 0 0 0 1 1 0 1 0 0 1 0 1 0 0 0
0 0.9 0.1 0 1 0 1 0 0 1 1 0 0 1 0 0 0 0 1 1 0 0 0 1 1 0 1 0 0 1
0 1 0 0 0 1 0.84 0.16 0 1 1 0 0 1 0 0 0 0 1 1 0 0 0 1 1 0 1 0 0 1
0 1 0 0 0 1 0.08 0.92 0 1 1 0 0 1 0 0 0 0 1 1 0 1 0 0 0 1 0 1 0 1
0 1 0 0 1 0 1 0 0 1 1 0 0 0 1 0 0 0 1 1 0 0 0 1 1 0 1 0 0 0
0 1 0 1 0 0 0 1 0 1 0.67741935483871 0.32258064516129 0 1 0 0 0 0 1 1 0 0 0 1 1 0 0 1 0 0
0 1 0 0 1 0 0 1 1 0 0.806451612903226 0.193548387096774 0 1 0 0 0 0 1 1 0 1 0 0 1 0 0 1 0 0
0 1 0 0 1 0 0.8 0.2 0 1 0.806451612903226 0.193548387096774 0 1 0 0 0 0 1 1 0 1 0 0 0 1 1 0 0 0
0 1 0 0 0 1 0 1 0 1 0 0.903225806451613 0.096774193548387 1 0 0 0 0 1 1 0 0 1 0 0 1 0 1 0 1
0 1 0 0 1 0 0.56 0.44 0.025 0.975 0.612903225806452 0.387096774193548 0 0 1 0 0 0 1 1 0 1 0 0 1 0 1 0 0 0
0 1 0 0 1 0 0 1 0 1 0.870967741935484 0.129032258064516 0 1 0 0 0 0 1 1 0 0 0 1 1 0 0 1 0 0
0 1 0 0 1 0 0.52 0.48 0.15 0.85 1 0 0 1 0 0 0 0 1 1 0 0 0 1 1 0 1 0 0 0
0 1 0 0 1 0 1 0 0 1 1 0 0 0 1 0 0 0 1 1 0 0 0 1 0 1 1 0 0 0
0 1 0 0.666666666666667 0.333333333333333 0 0.36 0.64 0 1 1 0 0 1 0 0 0 0 1 1 0 0 0 1 1 0 1 0 0 0
0.1 0.9 0 0 1 0 0.48 0.52 0 1 1 0 0 1 0 0 0 0 1 1 0 1 0 0 1 0 1 0 0 0
0.2 0.8 0 0 1 0 1 0 0.45 0.55 1 0 0 0 1 0 0 0 1 1 0 0 0 1 1 0 1 0 0 0
0.3 0.7 0 0.533333333333333 0.466666666666667 0 0 1 0.9 0.1 0.967741935483871 0.032258064516129 0 0 1 0 0 0 1 1 0 1 0 0 1 0 1 0 0 0
0.4 0.6 0 0 1 0 0 1 0 1 1 0 0 1 0 0 0 0 1 1 0 0 0 1 0 1 0 1 0 0
0.5 0.5 0 1 0 0 0 1 0.8 0.2 0.0322580645161291 0.967741935483871 0 0 1 0 0 0 1 1 0 0 0 1 0 1 0 1 0 0
0.5 0.5 0 0 1 0 0 1 0.1 0.9 0.935483870967742 0.0645161290322581 0 1 0 0 0 0 1 1 0 0 0 1 0 1 0 1 0 0
0.5 0.5 0 0.333333333333333 0.666666666666667 0 1 0 0 1 1 0 0 0 1 0 0 0 1 1 0 0 0 1 1 0 1 0 0 0
0.7 0.3 0 0.333333333333333 0.666666666666667 0 0.96 0.04 0 1 0.612903225806452 0.387096774193548 0 0 1 0 0 0 1 1 0 1 0 0 1 0 0 1 0 0
0.7 0.3 0 0 0.333333333333333 0.666666666666667 0.56 0.44 0 1 0.516129032258065 0.483870967741935 0 0 1 0 0 0 1 1 0 1 0 0 1 0 1 0 0 0
0.8 0.2 0 1 0 0 0 1 0 1 0.806451612903226 0.193548387096774 0 1 0 0 0 0 1 1 0 0 0 1 1 0 0 1 0 0
0.8 0.2 0 0 1 0 0.8 0.2 0.35 0.65 1 0 0 0 1 0 0 0 1 1 0 1 0 0 1 0 1 0 0 0
1 0 0 0 1 0 0.68 0.32 1 0 0.548387096774194 0.451612903225806 0 1 0 0 0 0 1 1 0 1 0 0 1 0 1 0 0 0
